*** Magic Square Solver by Gabriel Henderson ***
N = 3 Solution = 15

Sol =
	2	7	6
	9	5	1
	4	3	8

Sol =
	2	9	4
	7	5	3
	6	1	8

Sol =
	4	3	8
	9	5	1
	2	7	6

Sol =
	4	9	2
	3	5	7
	8	1	6

Sol =
	6	1	8
	7	5	3
	2	9	4

Sol =
	6	7	2
	1	5	9
	8	3	4

Sol =
	8	1	6
	3	5	7
	4	9	2

Sol =
	8	3	4
	1	5	9
	6	7	2

